acc_x =  -0.029962
acc_y = 0.043109
acc_z = -9.807425
gyro_x =  0.000344
gyro_y = 0.001146
gyro_z = -0.000234
mag_x = -0.205966
mag_y = -0.249400
mag_z = 0.353236
altitude: 4.760000
groundspeed: 1.3888880